N2hom	het	CBhom
350084	105	112	17
387180	105	112	17
1001412	107	111	16
1785496	112	107	15
2611067	125	95	14
2924225	130	90	14
3421818	134	90	10
4279603	144	81	9
4900879	153	75	6
5466214	157	72	5
5877800	161	68	5
6310598	166	63	5
7009759	170	60	4
7266849	172	58	4
8083522	181	50	3
8248178	181	50	3
8952715	186	45	3
9025462	186	45	3
9902315	190	41	3
10037242	191	40	3
10552812	195	37	2
10731038	195	37	2
11127956	200	32	2
11346701	203	30	1
12293105	214	20	0
12878122	216	18	0
13676250	201	33	0
13812847	200	34	0
14437077	185	47	2
14961815	175	57	2
15074614	171	62	1
15366117	161	70	3
15658948	158	72	4
16505859	145	82	7
16641436	145	82	7
17339521	143	84	7
17618863	143	84	7
